Boston              42.36,       11,    -6,    2,   -4,    4,   -1,    7,    5,   13,   10,   19,   16,   24,   18,   28,   18,   27,   14,   22,    8,   16,    3,   11,   -2,    5
Washington, DC       38.9,       11,    -2,    6,   -1,    8,    3,   13,    8,   19,   13,   24,   19,   29,   22,   32,   21,   31,   17,   27,   11,   20,    5,   14,    1,    8
Moscow              55.75,      167,   -14,   -7,  -14,   -6,   -9,    0,    0,    9,    6,   17,   10,   22,   13,   24,   11,   22,    6,   16,    1,    8,   -5,    0,  -10,   -5 
Ottawa              45.41,       75,   -16,   -7,  -14,   -5,   -7,    2,    1,   11,    7,   18,   12,   23,   15,   26,   14,   24,    9,   19,    3,   13,   -2,    4,  -11,   -4
Beijing             39.91,       63,    -9,    1,   -7,    4,   -1,   11,    7,   19,   13,   26,   18,   30,   21,   31,   20,   29,   14,   26,    7,   19,   -1,   10,   -7,    3
Tehran              35.69,	   1219,     1,    8,    3,   11,    7,   16,   13,   23,   17,   28,   22,   34,   25,   37,   25,   36,   21,   32,   15,   25,    8,   16,    3,   10
Los Angeles         34.05,      113,     9,   20,    9,   21,   11,   21,   12,   23,   14,   23,   16,   26,   18,   28,   18,   29,   17,   28,   15,   26,   11,   23,    8,   20
Miami               25.77,	      2,    16,   23,   17,   24,   18,   24,   21,   26,   23,   28,   25,   31,   26,   31,   26,   32,   26,   31,   24,   29,   21,   26,   18,   24
Mexico City         19.43,     2259,     6,   21,    7,   23,    9,   25,   11,   26,   12,   26,   12,   24,   12,   23,   12,   23,   12,   23,   10,   22,    8,   22,    7,   21
Singapore            1.29,        5,    23,   29,   23,   31,   24,   31,   24,   32,   24,   31,   24,   31,   24,   31,   24,   31,   24,   31,   24,   31,   23,   30,   23,   29
Sydney             -33.87,        1,    19,   26,   19,   26,   18,   25,   15,   23,   12,   20,    9,   17,    8,   17,    8,   18,   11,   20,   14,   22,   16,   23,   18,   25
Buenos Aires       -34.61,	     25,    20,   28,   19,   27,   18,   25,   14,   22,   11,   18,    8,   15,    8,   14,    9,   16,   11,   18,   13,   21,   16,   24,   18,   27

North Pole             90,        0,   -33,  -29,  -35,  -31,  -34,  -30,  -26,  -22,  -12,   -9,   -2,    0,    0,    2,   -1,    1,  -11,   -7,  -22,  -20,  -30,  -25,  -31,  -26
South Pole            -90,     2835,   -28,  -25,  -42,  -37,  -56,  -50,  -60,  -52,  -61,  -53,  -61,  -53,  -63,  -55,  -62,  -55,  -62,  -55,  -53,  -47,  -39,  -36,  -39,  -36
Tokyo               35.61,       37,     3,    9,    3,    9,    4,   12,    7,   17,   15,   21,   18,   26,   22,   28,   24,   30,   19,   26,   14,   21,    8,   16,    3,   12
Cape Town          -33.92,       20,    15,   26,   15,   26,   13,   25,   11,   23,    9,   19,    7,   17,    7,   16,    7,   16,    8,   18,   10,   21,   12,   23,   14,   24
Rome                41.87,      139,     3,   12,    4,   13,    6,   15,    8,   17,   12,   22,   15,   25,   19,   28,   19,   28,   16,   26,   13,   22,    7,   17,    6,   13
London               51.5,       16,     0,    6,    0,    7,    0,    9,    3,   11,    6,   15,    9,   19,   11,   20,   10,   20,    8,   17,    6,   15,    2,   10,    0,    8
Paris               48.85,       35,     2,    8,    2,    9,    5,   12,    7,   15,   10,   20,   13,   22,   15,   24,   15,   24,   12,   21,    9,   16,    5,   10,    3,    8
Madrid              40.41,      654,     3,   10,    4,   13,    5,   15,    7,   17,    9,   21,   14,   28,   17,   31,   17,   31,   14,   27,   11,   20,    5,   14,    4,   10
Montreal             45.5,       67,   -17,   -7,  -15,   -4,   -8,    1,    0,   10,    6,   18,   10,   23,   13,   25,   12,   24,    7,   19,    1,   12,   -3,    4,  -12,   -3
Seattle              47.6,       54,     2,    9,    3,   12,    4,   14,    5,   16,    8,   19,   12,   22,   14,   24,   14,   25,   12,   22,    8,   16,    5,   12,    3,    8
Rio de Janeiro      -22.9,        5,    23,   32,   23,   33,   23,   31,   21,   29,   19,   28,   17,   27,   17,   27,   18,   27,   19,   27,   20,   28,   20,   29,   22,   31
Cairo               30.04,       23,     9,   18,    9,   20,   11,   23,   14,   28,   17,   32,   20,   33,   22,   33,   20,   32,   20,   32,   18,   29,   12,   23,   10,   20
Berlin              52.51,       34,    -2,    1,   -2,    3,    0,    7,    3,   12,    8,   18,   10,   20,   11,   22,   11,   21,    9,   18,    5,   12,    2,    7,   -1,    3
Dubai               25.05,        6,    15,   24,   16,   25,   18,   28,   21,   33,   25,   38,   28,   40,   30,   41,   31,   41,   28,   39,   24,   36,   20,   31,   17,   26
Istanbul               41,       48,     4,    9,    3,   10,    4,   13,    8,   17,   12,   22,   16,   26,   18,   29,   18,   29,   15,   25,   12,   20,    8,   15,    5,   11
New Delhi           28.63,      216,     8,   21,    9,   24,   16,   30,   21,   36,   25,   39,   27,   38,   27,   34,   27,   33,   25,   34,   19,   33,   13,   27,    9,   23
Auckland           -36.84,       30,    15,   23,   17,   23,   16,   22,   13,   20,   12,   17,   10,   14,    9,   14,    9,   14,   10,   16,   12,   17,   12,   18,   14,   21
Copenhagen          55.67,       14,    -2,    1,   -2,    1,    0,    5,    1,    9,    7,   14,   10,   19,   11,   20,   11,   20,   10,   15,    6,   12,    2,    7,    0,    3
New York            40.71,       10,    -3,    4,   -4,    5,    1,    9,    6,   16,   12,   20,   17,   27,   18,   28,   19,   27,   16,   25,   10,   19,    5,   12,   -1,    5
Baghdad	            33.32,       34,     4,   16,    6,   19,   10,   22,   14,   29,   19,   36,   23,   41,   25,   43,   24,   44,   21,   40,   16,   34,   10,   25,    6,   18
Seoul               37.56,       20,    -7,    0,   -3,    0,    1,    9,    7,   17,   13,   22,   17,   27,   20,   28,   21,   29,   16,   25,    9,   18,    2,   10,   -2,    3
Anchorage           61.24,       31,   -11,   -5,  -10,   -3,   -7,    0,   -1,    7,    4,   13,    8,   17,   11,   18,   10,   18,    5,   13,   -1,    5,   -9,   -2,  -10,   -4
Darwin             -12.46,       35,    25,   32    25,   31,   25,   32,   24,   33,   22,   32,   20,   31,   19,   31,   20,   31,   23,   33,   25,   33,   25,   33,   25,   33
Chicago, IL	        41.87,      181,    -8,    0,   -4,    3,    0,    8,    6,   15,   11,   21,   16,   27,   19,   29,   18,   28,   14,   24,    8,   18,    2,    9,   -4,    3
San Francisco, CA   37.77,       16,     8,   14,    9,   16,    9,   17,    9,   17,   11,   18,   12,   19,   12,   19,   13,   20,   13,   21,   12,   21,   10,   17,    8,   14
Houston, TX	        29.75,       15,     7,   17,    9,   19,   12,   22,   16,   26,   21,   29,   23,   32,   24,   33,   24,   34,   22,   31,   17,   27,   12,   22,    8,   18
Hong Kong           22.29,       40,    13,   20,   13,   20,   16,   22,   20,   26,   24,   29,   26,   31,   26,   32,   26,   32,   25,   31,   22,   29,   18,   25,   14,   21
Shanghai            31.24,        4,     2,    8,    2,   10,    5,   13,   12,   20,   17,   24,   22,   28,   26,   32,   26,   31,   22,   28,   15,   22,    9,   17,    2,   11
Chongqing           29.56,      400,     5,    9,    7,   13,   11,   18,   16,   23,   19,   27,   22,   29,   24,   34,   25,   35,   22,   28,   16,   22,   12,   16,    8,   13
Guangzhou           23.14,       21,    11,   18,   12,   19,   15,   22,   20,   26,   23,   30,   25,   32,   25,   33,   25,   33,   24,   32,   20,   29,   16,   25,   12,   21
Taipei              25.09,        7,    14,   18,   14,   19,   15,   21,   19,   25,   21,   28,   24,   31,   26,   33,   26,   33,   24,   30,   22,   27,   19,   24,   15,   20
St. Petersburg      59.93,       17,    -9,   -2,   -9,   -2,   -5,    1,    0,    8,    6,   16,   11,   20,   13,   22,   12,   20,    7,   14,    2,    8,   -2,    2,   -7,   -2
